# Ang	-new/-old	+new/+old
# N	N	N
   0	0.999552	0.997766
0.09	0.998848	0.998898
0.18	0.99889	0.998913
0.27	0.99883	0.998845
0.36	0.99877	0.99876
0.45	0.998811	0.998794
0.54	0.998852	0.998809
0.63	0.998794	0.998825
0.72	0.998834	0.998857
0.81	0.998873	0.998872
 0.9	0.998912	0.998886
0.99	0.998838	0.9989
1.08	0.998876	0.998914
1.17	0.998821	0.998741
1.26	0.998658	0.998664
1.35	0.998589	0.998572
1.44	0.998504	0.998464
1.53	0.998364	0.998407
1.62	0.998312	0.998268
1.71	0.998106	0.998095
 1.8	0.997997	0.998017
1.89	0.998045	0.997983
1.98	0.997811	0.997789
2.07	0.997694	0.997694
2.16	0.997575	0.997594
2.25	0.997576	0.997599
2.34	0.997472	0.997514
2.43	0.997335	0.997307
2.52	0.99723	0.997205
2.61	0.996912	0.996907
 2.7	0.996878	0.996893
2.79	0.99677	0.996789
2.88	0.996753	0.996791
2.97	0.996628	0.996686
3.06	0.996626	0.996597
3.15	0.996446	0.99643
3.24	0.996289	0.996341
3.33	0.996207	0.996145
3.42	0.996175	0.996181
3.51	0.996018	0.996001
 3.6	0.995844	0.995912
3.69	0.99567	0.995624
3.78	0.995422	0.995445
3.87	0.995465	0.995481
3.96	0.995308	0.995284
4.05	0.99515	0.995121
4.14	0.995094	0.995131
4.23	0.994952	0.994958
4.32	0.994934	0.994893
4.41	0.994917	0.994919
 4.5	0.994792	0.994763
4.59	0.994775	0.99479
4.68	0.994575	0.994543
4.77	0.994558	0.994586
4.86	0.994416	0.994488
4.95	0.99449	0.99444
5.04	0.994507	0.994436
5.13	0.994111	0.994132
5.22	0.99413	0.994152
5.31	0.993827	0.993866
 5.4	0.993846	0.993795
5.49	0.993866	0.993815
5.58	0.993381	0.993406
5.67	0.993418	0.993443
5.76	0.993437	0.99348
5.85	0.993011	0.992964
5.94	0.993031	0.992985
6.03	0.992961	0.993005
6.12	0.99289	0.992936
6.21	0.992357	0.992399
 6.3	0.992389	0.99239
6.39	0.992422	0.992473
6.48	0.991809	0.991837
6.57	0.991749	0.991827
6.66	0.991781	0.991744
6.75	0.991738	0.991752
6.84	0.991861	0.991851
6.93	0.991243	0.991192
7.02	0.991182	0.991182
7.11	0.991179	0.991181
 7.2	0.991187	0.99121
7.29	0.99056	0.990496
7.38	0.990476	0.990508
7.47	0.9905	0.990537
7.56	0.990508	0.990456
7.65	0.990533	0.990485
7.74	0.990482	0.990514
7.83	0.989918	0.989936
7.92	0.9899	0.989957
8.01	0.989883	0.989902
 8.1	0.989957	0.989923
8.19	0.990049	0.989978
8.28	0.989982	0.990037
8.37	0.989485	0.989473
8.46	0.989461	0.989456
8.55	0.989419	0.98944
8.64	0.989487	0.989423
8.73	0.989445	0.989407
8.82	0.989404	0.98939
8.91	0.98945	0.989388
   9	0.988937	0.988942
9.09	0.988956	0.988937
9.18	0.988993	0.988948
9.27	0.989012	0.988942
9.36	0.988939	0.988954
9.45	0.988958	0.988948
9.54	0.988994	0.988959
9.63	0.989014	0.988953
9.72	0.988593	0.988601
9.81	0.988613	0.988612
 9.9	0.988632	0.988607
9.99	0.988619	0.988584
10.08	0.988668	0.988649
10.17	0.988624	0.988639
10.26	0.988673	0.988611
10.35	0.988647	0.988676
10.44	0.988603	0.988649
10.53	0.988653	0.988621
10.62	0.98817	0.988155
10.71	0.988219	0.98822
10.8	0.988193	0.988192
10.89	0.988242	0.988165
10.98	0.988198	0.98823
11.07	0.988155	0.988203
11.16	0.988204	0.988175
11.25	0.988178	0.988165
11.34	0.988227	0.98823
11.43	0.988183	0.988203
11.52	0.988232	0.988175
11.61	0.988189	0.98824
11.7	0.986972	0.987023
11.79	0.987021	0.986995
11.88	0.986978	0.986968
11.97	0.987027	0.987033
12.06	0.987001	0.987006
12.15	0.98705	0.986978
12.24	0.987007	0.98706
12.33	0.987056	0.987033
12.42	0.987019	0.987007
12.51	0.987005	0.986983
12.6	0.986991	0.987053
12.69	0.986977	0.98703
12.78	0.987055	0.987007
12.87	0.987041	0.986983
12.96	0.984925	0.984934
13.05	0.984911	0.98491
13.14	0.984879	0.984887
13.23	0.984865	0.984864
13.32	0.984944	0.984934
13.41	0.984929	0.984911
13.5	0.984915	0.984887
13.59	0.984901	0.984957
13.68	0.984887	0.984934
13.77	0.984965	0.984911
13.86	0.984937	0.984891
13.95	0.984917	0.984956
14.04	0.984897	0.984927
14.13	0.984877	0.984898
14.22	0.98495	0.98487
14.31	0.984947	0.984951
14.4	0.984927	0.984923
14.49	0.984906	0.984894
14.58	0.982124	0.982196
14.67	0.982213	0.982184
14.76	0.982193	0.982156
14.85	0.982172	0.982127
14.94	0.982152	0.982191
15.03	0.982132	0.982162
15.12	0.982204	0.982133
15.21	0.982183	0.982197
15.3	0.982163	0.982168
15.39	0.98216	0.982157
15.48	0.982139	0.982128
15.57	0.982224	0.982211
15.66	0.982201	0.982188
15.75	0.982179	0.982183
15.84	0.982173	0.98216
15.93	0.98215	0.982137
16.02	0.982128	0.982225
16.11	0.982215	0.982202
16.2	0.982193	0.982179
16.29	0.98217	0.982174
16.38	0.982165	0.982151
16.47	0.982142	0.982129
16.56	0.982119	0.982216
16.65	0.980169	0.980173
16.74	0.980095	0.980065
16.83	0.980123	0.980094
16.92	0.980152	0.980123
17.01	0.980181	0.980151
17.1	0.980117	0.98007
17.19	0.980129	0.980099
17.28	0.980158	0.980128
17.37	0.980187	0.980157
17.46	0.980216	0.980186
17.55	0.980244	0.980215
17.64	0.980181	0.980134
17.73	0.980185	0.980153
17.82	0.980179	0.980133
17.91	0.980173	0.980113
  18	0.980167	0.980093
18.09	0.980068	0.97998
18.18	0.980062	0.979943
18.27	0.980056	0.979923
18.36	0.980033	0.979904
18.45	0.980027	0.979884
18.54	0.980021	0.979864
18.63	0.979922	0.979751
18.72	0.979916	0.979714
18.81	0.97991	0.979694
18.9	0.979887	0.979674
18.99	0.979881	0.979654
19.08	0.979873	0.979545
19.17	0.979739	0.979571
19.26	0.979699	0.979581
19.35	0.979659	0.979608
19.44	0.979601	0.979635
19.53	0.979561	0.979662
19.62	0.979427	0.979596
19.71	0.979387	0.979605
19.8	0.979347	0.979632
19.89	0.979334	0.979623
19.98	0.979341	0.979587
20.07	0.979331	0.979459
20.16	0.979246	0.979423
20.25	0.979253	0.97937
20.34	0.979261	0.979335
20.43	0.979268	0.979299
20.52	0.979275	0.979263
20.61	0.979173	0.979135
20.7	0.979177	0.979104
20.79	0.979177	0.979064
20.88	0.979177	0.979041
20.97	0.979178	0.979018
21.06	0.979178	0.978902
21.15	0.979085	0.978879
21.24	0.979068	0.978856
21.33	0.979068	0.978816
21.42	0.979068	0.978793
21.51	0.979069	0.97877
21.6	0.979042	0.97867
21.69	0.978885	0.978685
21.78	0.978804	0.978699
21.87	0.978739	0.978697
21.96	0.978675	0.978712
22.05	0.978611	0.978634
22.14	0.978454	0.978648
22.23	0.97839	0.978663
22.32	0.978309	0.978678
22.41	0.978245	0.978676
22.5	0.978181	0.97869
22.59	0.978151	0.978601
22.68	0.978061	0.978595
22.77	0.978063	0.978589
22.86	0.978065	0.978565
22.95	0.978049	0.978559
23.04	0.978051	0.97846
23.13	0.97796	0.978454
23.22	0.977962	0.978448
23.31	0.977964	0.978442
23.4	0.977966	0.978418
23.49	0.977951	0.978412
23.58	0.977953	0.978313
23.67	0.977862	0.978307
23.76	0.977864	0.978301
23.85	0.977866	0.978295
23.94	0.977868	0.978271
24.03	0.97787	0.978172
24.12	0.977855	0.978166
24.21	0.977764	0.97816
24.3	0.977766	0.978154
24.39	0.977768	0.978148
24.48	0.97777	0.978124
24.57	0.977772	0.978025
24.66	0.977664	0.978019
24.75	0.977666	0.978013
24.84	0.977667	0.978008
24.93	0.977667	0.978003
25.02	0.977668	0.977889
25.11	0.977668	0.977884
25.2	0.977576	0.97788
25.29	0.977559	0.977875
25.38	0.977559	0.977871
25.47	0.97756	0.977757
25.56	0.97756	0.977752
25.65	0.977468	0.977748
25.74	0.977468	0.977743
25.83	0.977451	0.977739
25.92	0.977452	0.977734
26.01	0.977452	0.97762
26.1	0.977452	0.977615
26.19	0.97736	0.977611
26.28	0.97736	0.977606
26.37	0.977343	0.977602
26.46	0.977344	0.977505
26.55	0.977344	0.977483
26.64	0.977345	0.977479
26.73	0.977252	0.977474
26.82	0.977253	0.97747
26.91	0.977253	0.977465
  27	0.977236	0.977368
27.09	0.977237	0.977346
27.18	0.977144	0.977342
27.27	0.977145	0.977338
27.36	0.977145	0.977333
27.45	0.977145	0.977236
27.54	0.977129	0.977231
27.63	0.977121	0.977197
27.72	0.977019	0.977178
27.81	0.977011	0.977159
27.9	0.977002	0.977141
27.99	0.976993	0.977029
28.08	0.976984	0.976993
28.17	0.976866	0.976974
28.26	0.976857	0.976955
28.35	0.976848	0.976936
28.44	0.976839	0.976824
28.53	0.97683	0.976806
28.62	0.976822	0.97677
28.71	0.976703	0.976751
28.8	0.976694	0.976732
28.89	0.976685	0.976713
28.98	0.976677	0.976601
29.07	0.976668	0.976582
29.16	0.976659	0.976546
29.25	0.97654	0.976527
29.34	0.976532	0.976508
29.43	0.976523	0.976397
29.52	0.976514	0.976378
29.61	0.976505	0.976359
29.7	0.976404	0.976323
29.79	0.976395	0.976304
29.88	0.976369	0.976285
29.97	0.97636	0.976174
30.06	0.976351	0.976155
30.15	0.976343	0.976136
30.24	0.976241	0.9761
30.33	0.976232	0.976081
30.42	0.976206	0.975969
30.51	0.976198	0.975951
30.6	0.976189	0.975932
30.69	0.976087	0.975913
30.78	0.976079	0.975877
30.87	0.97607	0.975858
30.96	0.976061	0.975746
31.05	0.976012	0.975732
31.14	0.975964	0.97572
31.23	0.975823	0.975691
31.32	0.975775	0.97568
31.41	0.975727	0.975575
31.5	0.97568	0.975564
31.59	0.975614	0.975552
31.68	0.975567	0.97554
31.77	0.975426	0.975512
31.86	0.975378	0.9755
31.95	0.97533	0.975396
32.04	0.975282	0.975384
32.13	0.975217	0.975372
32.22	0.975077	0.975361
32.31	0.975029	0.975332
32.4	0.974981	0.975228
32.49	0.974933	0.975216
32.58	0.974885	0.975204
32.67	0.974838	0.975193
32.76	0.97468	0.975181
32.85	0.974632	0.975152
32.94	0.974584	0.975048
33.03	0.974537	0.975036
33.12	0.974489	0.975025
33.21	0.974348	0.975013
33.3	0.974284	0.975001
33.39	0.974236	0.97488
33.48	0.974188	0.974868
33.57	0.97414	0.974857
33.66	0.974092	0.974845
33.75	0.973952	0.974833
33.84	0.973904	0.974805
33.93	0.973839	0.9747
34.02	0.973792	0.974689
34.11	0.973744	0.974677
34.2	0.973696	0.974666
34.29	0.973556	0.974654
34.38	0.973508	0.974533
34.47	0.973443	0.974521
34.56	0.973396	0.974509
34.65	0.973348	0.974498
34.74	0.973208	0.974486
34.83	0.97316	0.974474
34.92	0.973112	0.974353
35.01	0.973065	0.974341
35.1	0.973	0.97433
35.19	0.972952	0.974318
35.28	0.972812	0.974306
35.37	0.972764	0.974202
35.46	0.972698	0.974144
35.55	0.972602	0.974059
35.64	0.972489	0.973973
35.73	0.972301	0.973888
35.82	0.972205	0.973803
35.91	0.972109	0.973625
  36	0.972013	0.973522
36.09	0.971918	0.973437
36.18	0.971805	0.973352
36.27	0.971617	0.973266
36.36	0.971521	0.973089
36.45	0.971426	0.972986
36.54	0.97133	0.972901
36.63	0.971235	0.972816
36.72	0.971139	0.972731
36.81	0.970934	0.972645
36.9	0.970838	0.972468
36.99	0.970743	0.972365
37.08	0.970648	0.97228
37.17	0.970552	0.972195
37.26	0.970364	0.97211
37.35	0.970252	0.971933
37.44	0.970157	0.971847
37.53	0.970061	0.971745
37.62	0.969966	0.97166
37.71	0.969871	0.971575
37.8	0.969683	0.97149
37.89	0.969588	0.971313
37.98	0.969475	0.971228
38.07	0.96938	0.971126
38.16	0.969285	0.971041
38.25	0.969097	0.970956
38.34	0.969002	0.970779
38.43	0.968907	0.970694
38.52	0.968795	0.970609
38.61	0.9687	0.970507
38.7	0.968605	0.970422
38.79	0.968418	0.970337
38.88	0.968322	0.97016
38.97	0.968227	0.970075
39.06	0.968115	0.969991
39.15	0.96802	0.969889
39.24	0.967925	0.969804
39.33	0.967738	0.969627
39.42	0.96768	0.96955
39.51	0.967641	0.969477
39.6	0.967601	0.969387
39.69	0.967544	0.969313
39.78	0.967413	0.96924
39.87	0.967373	0.969075
39.96	0.967334	0.969001
40.05	0.967294	0.968928
40.14	0.967254	0.968838
40.23	0.967198	0.968765
40.32	0.967066	0.968599
40.41	0.967027	0.968526
40.5	0.966987	0.968453
40.59	0.966948	0.96838
40.68	0.966908	0.96829
40.77	0.966777	0.968125
40.86	0.96672	0.968052
40.95	0.966681	0.967979
41.04	0.966641	0.967906
41.13	0.966602	0.967833
41.22	0.966562	0.967743
41.31	0.96643	0.967577
41.4	0.96634	0.967478
41.49	0.966258	0.967372
41.58	0.966175	0.967266
41.67	0.966093	0.96716
41.76	0.965919	0.966945
41.85	0.965837	0.966839
41.94	0.965755	0.966733
42.03	0.965656	0.966628
42.12	0.965573	0.966522
42.21	0.965491	0.966399
42.3	0.965317	0.966201
42.39	0.965235	0.966095
42.48	0.965153	0.96599
42.57	0.965054	0.965884
42.66	0.964972	0.965778
42.75	0.96489	0.965564
42.84	0.964716	0.965458
42.93	0.964634	0.965353
43.02	0.964552	0.965247
43.11	0.964453	0.965142
43.2	0.964371	0.965036
43.29	0.964197	0.964822
43.38	0.964115	0.964716
43.47	0.964034	0.964611
43.56	0.963952	0.964505
43.65	0.96387	0.9644
43.74	0.963771	0.964203
43.83	0.963597	0.96408
43.92	0.963515	0.963975
44.01	0.963434	0.96387
44.1	0.963352	0.963765
44.19	0.96327	0.963659
44.28	0.96308	0.963462
44.37	0.962998	0.96334
44.46	0.962916	0.963235
44.55	0.962834	0.96313
44.64	0.962753	0.963025
44.73	0.962671	0.962828
44.82	0.962498	0.962706
44.91	0.962399	0.962601
  45	0.962317	0.962496
45.09	0.962237	0.962394
45.18	0.96218	0.962352
45.27	0.962123	0.962217
45.36	0.961974	0.962157
45.45	0.9619	0.962115
45.54	0.961843	0.962072
45.63	0.961786	0.962029
45.72	0.961729	0.961895
45.81	0.96158	0.961852
45.9	0.961523	0.961793
45.99	0.961449	0.96175
46.08	0.961392	0.961707
46.17	0.961335	0.961664
46.26	0.961278	0.96153
46.35	0.961129	0.961488
46.44	0.961072	0.961428
46.53	0.961015	0.961385
46.62	0.960941	0.961343
46.71	0.960884	0.961208
46.8	0.960736	0.961166
46.89	0.960679	0.961123
46.98	0.960622	0.961063
47.07	0.960565	0.961021
47.16	0.960491	0.960978
47.25	0.960434	0.960844
47.34	0.960286	0.960801
47.43	0.960229	0.960759
47.52	0.960172	0.960699
47.61	0.960115	0.960657
47.7	0.960058	0.960522
47.79	0.959984	0.96048
47.88	0.959836	0.960437
47.97	0.959779	0.960378
48.06	0.959722	0.960335
48.15	0.959665	0.960292
48.24	0.959609	0.960158
48.33	0.959443	0.960116
48.42	0.959386	0.960073
48.51	0.95933	0.960014
48.6	0.959273	0.959971
48.69	0.959207	0.959837
48.78	0.959138	0.959795
48.87	0.958961	0.959752
48.96	0.958893	0.959709
49.05	0.958824	0.95965
49.14	0.958756	0.959607
49.23	0.958687	0.959473
49.32	0.958527	0.959431
49.41	0.958459	0.959388
49.5	0.958373	0.959346
49.59	0.958305	0.959286
49.68	0.958236	0.958854
49.77	0.958168	0.9585
49.86	0.958008	0.958146
49.95	0.957939	0.957792
50.04	0.957854	0.957439
50.13	0.957785	0.957069
50.22	0.957717	0.956624
50.31	0.957648	0.956272
50.4	0.957489	0.955919
50.49	0.95742	0.955567
50.58	0.957352	0.955199
50.67	0.957267	0.954986
50.76	0.957198	0.954959
50.85	0.957038	0.954932
50.94	0.95697	0.954904
51.03	0.956902	0.954877
51.12	0.956833	0.954833
51.21	0.956748	0.954715
51.3	0.95668	0.954687
51.39	0.95652	0.95466
51.48	0.956452	0.954633
51.57	0.956384	0.954605
51.66	0.956315	0.95447
51.75	0.956247	0.954443
51.84	0.956071	0.954416
51.93	0.956003	0.954388
52.02	0.955934	0.954361
52.11	0.955866	0.954334
52.2	0.955798	0.954199
52.29	0.95573	0.954172
52.38	0.955553	0.954144
52.47	0.955485	0.954117
52.56	0.955417	0.95409
52.65	0.955349	0.953972
52.74	0.955281	0.953927
52.83	0.955213	0.9539
52.92	0.955037	0.953873
53.01	0.954968	0.953846
53.1	0.9549	0.953818
53.19	0.954832	0.953683
53.28	0.954764	0.953656
53.37	0.954605	0.953629
53.46	0.954537	0.953602
53.55	0.954452	0.953574
53.64	0.954384	0.953456
53.73	0.954316	0.953412
53.82	0.954248	0.953385
53.91	0.954089	0.953358
  54	0.954021	0.95333
54.09	0.953936	0.953303
54.18	0.953868	0.953185
54.27	0.9538	0.953141
54.36	0.953641	0.953114
54.45	0.953573	0.953087
54.54	0.953505	0.953059
54.63	0.953437	0.952941
54.72	0.953353	0.952914
54.81	0.953285	0.95287
54.9	0.953126	0.952843
54.99	0.953058	0.952816
55.08	0.95299	0.952788
55.17	0.952922	0.952661
55.26	0.952838	0.95262
55.35	0.95277	0.952563
55.44	0.952611	0.952523
55.53	0.952543	0.952482
55.62	0.952475	0.952351
55.71	0.952408	0.95231
55.8	0.952323	0.95227
55.89	0.952164	0.952213
55.98	0.952097	0.952172
56.07	0.952029	0.952132
56.16	0.951961	0.952001
56.25	0.951893	0.95196
56.34	0.951826	0.951903
56.43	0.95165	0.951863
56.52	0.951583	0.951822
56.61	0.951515	0.951691
56.7	0.951447	0.951651
56.79	0.95138	0.951611
56.88	0.951221	0.951553
56.97	0.951137	0.951513
57.06	0.951069	0.951382
57.15	0.951002	0.951342
57.24	0.950934	0.951301
57.33	0.950866	0.951261
57.42	0.950708	0.951204
57.51	0.95064	0.951163
57.6	0.950556	0.951032
57.69	0.950489	0.950992
57.78	0.950421	0.950952
57.87	0.950353	0.950911
57.96	0.950195	0.950854
58.05	0.950128	0.950723
58.14	0.950043	0.950683
58.23	0.949976	0.950643
58.32	0.949908	0.950602
58.41	0.94975	0.950562
58.5	0.949683	0.950505
58.59	0.949615	0.950374
58.68	0.949548	0.950334
58.77	0.949464	0.950293
58.86	0.949396	0.950253
58.95	0.949238	0.950196
59.04	0.949171	0.950065
59.13	0.94912	0.94998
59.22	0.949069	0.949895
59.31	0.949001	0.949809
59.4	0.948859	0.949724
59.49	0.948808	0.949622
59.58	0.948757	0.949446
59.67	0.948705	0.949361
59.76	0.948654	0.949276
59.85	0.948587	0.94919
59.94	0.948445	0.949105
60.03	0.948394	0.948913
60.12	0.948343	0.948827
60.21	0.948292	0.948742
60.3	0.94824	0.948657
60.39	0.948189	0.948572
60.48	0.948031	0.948487
60.57	0.94798	0.948295
60.66	0.947929	0.948209
60.75	0.947878	0.948124
60.84	0.947827	0.948039
60.93	0.947685	0.947954
61.02	0.947617	0.947779
61.11	0.947567	0.947677
61.2	0.947515	0.947592
61.29	0.947464	0.947507
61.38	0.947414	0.947422
61.47	0.947272	0.947337
61.56	0.947221	0.947145
61.65	0.947153	0.947061
61.74	0.947102	0.946976
61.83	0.947051	0.946891
61.92	0.94691	0.946806
62.01	0.946851	0.946631
62.1	0.94676	0.946529
62.19	0.946653	0.946444
62.28	0.946562	0.94636
62.37	0.946472	0.946275
62.46	0.94629	0.94619
62.55	0.9462	0.946015
62.64	0.946109	0.945914
62.73	0.946002	0.945829
62.82	0.945911	0.945744
62.91	0.945821	0.94566
  63	0.94564	0.945485
63.09	0.945549	0.9454
63.18	0.945459	0.945299
63.27	0.945368	0.945214
63.36	0.945261	0.94513
63.45	0.94508	0.945045
63.54	0.94499	0.94487
63.63	0.9449	0.944786
63.72	0.944809	0.944685
63.81	0.944719	0.9446
63.9	0.944612	0.944516
63.99	0.944431	0.944341
64.08	0.944341	0.944257
64.17	0.94425	0.944172
64.26	0.94416	0.944071
64.35	0.94407	0.943987
64.44	0.94389	0.943902
64.53	0.943783	0.943728
64.62	0.943692	0.943644
64.71	0.943602	0.943543
64.8	0.943512	0.943458
64.89	0.943422	0.943374
64.98	0.943242	0.9432
65.07	0.943135	0.943115
65.16	0.943045	0.943031
65.25	0.942955	0.94293
65.34	0.942865	0.942846
65.43	0.942684	0.942762
65.52	0.942594	0.942588
65.61	0.942488	0.942504
65.7	0.942398	0.942419
65.79	0.942308	0.942319
65.88	0.942218	0.942235
65.97	0.942038	0.94206
66.06	0.941948	0.941976
66.15	0.941858	0.941892
66.24	0.941752	0.941808
66.33	0.941662	0.941708
66.42	0.941572	0.941624
66.51	0.941392	0.94145
66.6	0.941302	0.941366
66.69	0.941213	0.941282
66.78	0.941106	0.941198
66.87	0.941016	0.941097
66.96	0.940837	0.940923
67.05	0.940776	0.940868
67.14	0.94077	0.940867
67.23	0.940764	0.940866
67.32	0.940758	0.940848
67.41	0.940735	0.940847
67.5	0.940639	0.940756
67.59	0.940633	0.940755
67.68	0.940627	0.940754
67.77	0.940621	0.940753
67.86	0.940614	0.940735
67.95	0.940502	0.940644
68.04	0.940496	0.940643
68.13	0.940489	0.940642
68.22	0.940483	0.940641
68.31	0.940477	0.940639
68.4	0.940471	0.940622
68.49	0.940375	0.940531
68.58	0.940352	0.94053
68.67	0.940346	0.940528
68.76	0.94034	0.940527
68.85	0.940334	0.940526
68.94	0.940328	0.940418
69.03	0.940232	0.940417
69.12	0.940209	0.940416
69.21	0.940203	0.940415
69.3	0.940197	0.940414
69.39	0.940191	0.940413
69.48	0.940095	0.940305
69.57	0.940089	0.940304
69.66	0.940066	0.940303
69.75	0.94006	0.940302
69.84	0.940054	0.940301
69.93	0.940048	0.940193
70.02	0.939952	0.940192
70.11	0.939945	0.940191
70.2	0.939939	0.94019
70.29	0.939917	0.940189
70.38	0.93991	0.940188
70.47	0.939814	0.94008
70.56	0.939808	0.940079
70.65	0.939802	0.940078
70.74	0.939796	0.940077
70.83	0.939773	0.940075
70.92	0.939767	0.939984
71.01	0.939671	0.939967
71.1	0.939665	0.939965
71.19	0.939659	0.939964
71.28	0.939653	0.939963
71.37	0.939647	0.939962
71.46	0.939624	0.939871
71.55	0.939528	0.939853
71.64	0.939522	0.939852
71.73	0.939516	0.939851
71.82	0.93951	0.93985
71.91	0.939504	0.939759
  72	0.939391	0.939758
72.09	0.939385	0.93974
72.18	0.939379	0.939739
72.27	0.939373	0.939738
72.36	0.939367	0.939647
72.45	0.93936	0.939646
72.54	0.939248	0.939645
72.63	0.939242	0.939627
72.72	0.939236	0.939626
72.81	0.93923	0.939625
72.9	0.939224	0.939534
72.99	0.939096	0.939502
73.08	0.939042	0.939437
73.17	0.938971	0.939388
73.26	0.938916	0.93934
73.35	0.938861	0.939201
73.44	0.938807	0.939153
73.53	0.938662	0.939104
73.62	0.938608	0.939039
73.71	0.938537	0.938991
73.8	0.938482	0.938942
73.89	0.938428	0.938804
73.98	0.938373	0.938756
74.07	0.938229	0.938707
74.16	0.938174	0.938642
74.25	0.93812	0.938594
74.34	0.938048	0.938455
74.43	0.937994	0.938407
74.52	0.93785	0.938359
74.61	0.937795	0.93831
74.7	0.937741	0.938245
74.79	0.937686	0.938197
74.88	0.937615	0.938058
74.97	0.937561	0.93801
75.06	0.937416	0.937962
75.15	0.937362	0.937914
75.24	0.937308	0.937848
75.33	0.937253	0.93771
75.42	0.937199	0.937662
75.51	0.937038	0.937614
75.6	0.936984	0.937565
75.69	0.936929	0.9375
75.78	0.936875	0.937452
75.87	0.936821	0.937314
75.96	0.936766	0.937265
76.05	0.936605	0.937217
76.14	0.936551	0.937169
76.23	0.936497	0.937104
76.32	0.936442	0.936966
76.41	0.936388	0.936918
76.5	0.936334	0.936869
76.59	0.936173	0.936821
76.68	0.936119	0.936773
76.77	0.936065	0.936708
76.86	0.93601	0.93657
76.95	0.935956	0.936522
77.04	0.935812	0.936473
77.13	0.935758	0.936425
77.22	0.935687	0.936377
77.31	0.935633	0.936222
77.4	0.935578	0.936174
77.49	0.935524	0.936126
77.58	0.93538	0.936099
77.67	0.935326	0.936072
77.76	0.935255	0.936046
77.85	0.935201	0.935912
77.94	0.935147	0.935886
78.03	0.935003	0.935859
78.12	0.934949	0.935832
78.21	0.934894	0.935805
78.3	0.93484	0.935672
78.39	0.934769	0.935645
78.48	0.934715	0.935619
78.57	0.934571	0.935592
78.66	0.934517	0.935565
78.75	0.934463	0.935538
78.84	0.934409	0.935405
78.93	0.934338	0.935378
79.02	0.934284	0.935352
79.11	0.93414	0.935325
79.2	0.934086	0.935298
79.29	0.934032	0.935182
79.38	0.933978	0.935138
79.47	0.933907	0.935112
79.56	0.933764	0.935085
79.65	0.93371	0.935058
79.74	0.933656	0.935031
79.83	0.933601	0.934915
79.92	0.933547	0.934871
80.01	0.933493	0.934845
80.1	0.933333	0.934818
80.19	0.933279	0.934702
80.28	0.933225	0.934675
80.37	0.933171	0.934558
80.46	0.933117	0.934515
80.55	0.932974	0.934488
80.64	0.932903	0.934372
80.73	0.932849	0.934345
80.82	0.932795	0.934229
80.91	0.932741	0.934202
  81	0.932687	0.934159
81.09	0.932544	0.934042
81.18	0.93249	0.934016
81.27	0.932419	0.933989
81.36	0.932365	0.933873
81.45	0.932311	0.933829
81.54	0.932257	0.933713
81.63	0.932114	0.933686
81.72	0.93206	0.933659
81.81	0.931989	0.933543
81.9	0.931936	0.933517
81.99	0.931882	0.933473
82.08	0.931738	0.933357
82.17	0.931685	0.93333
82.26	0.931631	0.933214
82.35	0.93156	0.933187
82.44	0.931506	0.933161
82.53	0.931453	0.933028
82.62	0.931309	0.933001
82.71	0.93124	0.932916
82.8	0.931162	0.932702
82.89	0.931083	0.932577
82.98	0.930987	0.932363
83.07	0.930819	0.932222
83.16	0.93074	0.932097
83.25	0.930661	0.931883
83.34	0.930582	0.931759
83.43	0.930503	0.931635
83.52	0.930408	0.931421
83.61	0.93024	0.93128
83.7	0.930161	0.931156
83.79	0.930082	0.930942
83.88	0.930003	0.930818
83.97	0.929924	0.930694
84.06	0.929846	0.930463
84.15	0.929661	0.930339
84.24	0.929582	0.930126
84.33	0.929504	0.930002
84.42	0.929425	0.929878
84.51	0.929346	0.929664
84.6	0.929178	0.929524
84.69	0.929083	0.9294
84.78	0.929005	0.929187
84.87	0.928926	0.929063
84.96	0.928847	0.92894
85.05	0.928769	0.928726
85.14	0.928601	0.928586
85.23	0.928522	0.928463
85.32	0.928427	0.92825
85.41	0.928349	0.928126
85.5	0.92827	0.928003
85.59	0.928102	0.92779
85.68	0.928024	0.92765
85.77	0.927946	0.927527
85.86	0.927851	0.927314
85.95	0.927772	0.927191
86.04	0.927694	0.927067
86.13	0.927526	0.926855
86.22	0.927448	0.926715
86.31	0.927369	0.926503
86.4	0.927275	0.92638
86.49	0.927196	0.926257
86.58	0.927118	0.926045
86.67	0.92695	0.925905
86.76	0.926872	0.925782
86.85	0.926794	0.92557
86.94	0.926715	0.925447
87.03	0.926621	0.925324
87.12	0.926453	0.925112
87.21	0.926375	0.924973
87.3	0.926297	0.92485
87.39	0.926219	0.924638
87.48	0.92614	0.924516
87.57	0.926046	0.924393
87.66	0.925879	0.924271
87.75	0.925801	0.924042
87.84	0.925722	0.92392
87.93	0.925644	0.923797
88.02	0.925477	0.923586
88.11	0.925399	0.923464
88.2	0.925305	0.923341
88.29	0.925137	0.923113
88.38	0.925059	0.922991
88.47	0.924981	0.922869
88.56	0.924815	0.922658
88.65	0.924777	0.922632
88.74	0.924724	0.922607
88.83	0.924597	0.922477
88.92	0.92456	0.922452
89.01	0.924523	0.922428
89.1	0.924486	0.922314
89.19	0.92436	0.922289
89.28	0.924306	0.922264
89.37	0.924269	0.922134
89.46	0.924143	0.922109
89.55	0.924106	0.922085
89.64	0.924069	0.921971
89.73	0.923943	0.921946
89.82	0.923906	0.921905
89.91	0.923852	0.921791
  90	0.923726	0.921766
90.09	0.923689	0.921742
90.18	0.923652	0.921717
90.27	0.923615	0.921603
90.36	0.923489	0.921562
90.45	0.923436	0.921537
90.54	0.923399	0.921424
90.63	0.923273	0.921399
90.72	0.923236	0.921374
90.81	0.923199	0.92126
90.9	0.923073	0.921219
90.99	0.923036	0.921194
91.08	0.922982	0.921081
91.17	0.922945	0.921056
91.26	0.922819	0.921031
91.35	0.922782	0.921007
91.44	0.922745	0.920877
91.53	0.92262	0.920852
91.62	0.922566	0.920827
91.71	0.922529	0.920714
91.8	0.922492	0.920689
91.89	0.922366	0.920664
91.98	0.922329	0.920534
92.07	0.922292	0.920509
92.16	0.92215	0.920485
92.25	0.922113	0.92046
92.34	0.922076	0.920346
92.43	0.92195	0.920305
92.52	0.921913	0.92028
92.61	0.921876	0.920167
92.7	0.921839	0.920142
92.79	0.921697	0.920117
92.88	0.92166	0.920004
92.97	0.921623	0.919963
93.06	0.921498	0.919938
93.15	0.921461	0.919913
93.24	0.921424	0.9198
93.33	0.92137	0.919775
93.42	0.921245	0.91975
93.51	0.921208	0.919621
93.6	0.921171	0.919596
93.69	0.921045	0.919571
93.78	0.921008	0.919546
93.87	0.920971	0.919433
93.96	0.920918	0.919408
94.05	0.920793	0.919367
94.14	0.920756	0.919254
94.23	0.920719	0.919229
94.32	0.920682	0.919204
94.41	0.920556	0.91918
94.5	0.920503	0.919066
94.59	0.920466	0.919025
94.68	0.92034	0.919001
94.77	0.920304	0.918887
94.86	0.920267	0.918862
94.95	0.92023	0.918838
95.04	0.920104	0.918797
95.13	0.920051	0.918683
95.22	0.920014	0.918659
95.31	0.919977	0.918634
95.4	0.919858	0.918521
95.49	0.919842	0.918499
95.58	0.919826	0.91846
95.67	0.919705	0.918438
95.76	0.919689	0.918327
95.85	0.919673	0.918304
95.94	0.919656	0.918282
96.03	0.919552	0.91826
96.12	0.919536	0.918132
96.21	0.919503	0.91811
96.3	0.919487	0.918088
96.39	0.919382	0.917976
96.48	0.919366	0.917954
96.57	0.91935	0.917932
96.66	0.919334	0.917893
96.75	0.919229	0.917782
96.84	0.919197	0.91776
96.93	0.919181	0.917737
97.02	0.919076	0.917715
97.11	0.91906	0.917604
97.2	0.919044	0.917565
97.29	0.919028	0.917543
97.38	0.918907	0.917432
97.47	0.91889	0.91741
97.56	0.918874	0.917387
97.65	0.918858	0.917365
97.74	0.918754	0.917238
97.83	0.918738	0.917215
97.92	0.918721	0.917193
98.01	0.918689	0.917171
98.1	0.918584	0.91706
98.19	0.918568	0.917021
98.28	0.918552	0.916999
98.37	0.918536	0.916977
98.46	0.918431	0.916866
98.55	0.918399	0.916843
98.64	0.918383	0.916821
98.73	0.918367	0.916694
98.82	0.918262	0.916671
98.91	0.918246	0.916649
  99	0.91823	0.916627
99.09	0.918197	0.916516
99.18	0.918093	0.916494
99.27	0.918077	0.916455
99.36	0.918061	0.916432
99.45	0.918045	0.916322
99.54	0.91794	0.916299
99.63	0.917924	0.916277
99.72	0.917892	0.916255
99.81	0.917787	0.916128
99.9	0.917771	0.916105
99.99	0.917755	0.916083
100.08	0.917739	0.915972
100.17	0.917634	0.91595
100.26	0.917602	0.915928
100.35	0.917585	0.915889
100.44	0.917481	0.915778
100.53	0.917465	0.915756
100.62	0.917449	0.915734
100.71	0.917433	0.915623
100.8	0.917328	0.915584
100.89	0.917296	0.915562
100.98	0.91728	0.91554
101.07	0.917264	0.915429
101.16	0.917159	0.915406
101.25	0.917143	0.915384
101.34	0.917127	0.915257
101.43	0.917006	0.915235
101.52	0.91699	0.915213
101.61	0.916974	0.91519
101.7	0.916958	0.915079
101.79	0.916853	0.915057
101.88	0.916837	0.915019
101.97	0.916821	0.914996
102.06	0.916789	0.914886
102.15	0.916684	0.914863
102.24	0.916668	0.914841
102.33	0.916652	0.91473
102.42	0.916636	0.914692
102.51	0.916531	0.91467
102.6	0.916499	0.914647
102.69	0.916483	0.914537
102.78	0.916378	0.914514
102.87	0.916362	0.914492
102.96	0.916346	0.914454
103.05	0.91633	0.914343
103.14	0.916209	0.914321
103.23	0.916193	0.914298
103.32	0.916177	0.914188
103.41	0.916171	0.914167
103.5	0.916075	0.914163
103.59	0.916069	0.91416
103.68	0.916062	0.914067
103.77	0.916039	0.914063
103.86	0.915944	0.914059
103.95	0.915937	0.914039
104.04	0.915931	0.913947
104.13	0.915924	0.913943
104.22	0.915829	0.913939
104.31	0.915806	0.913935
104.4	0.915799	0.913843
104.49	0.915792	0.913823
104.58	0.915697	0.913819
104.67	0.915691	0.913726
104.76	0.915684	0.913722
104.85	0.915589	0.913718
104.94	0.915566	0.913715
105.03	0.915559	0.913606
105.12	0.915552	0.913602
105.21	0.915457	0.913598
105.3	0.915451	0.913594
105.39	0.915444	0.913502
105.48	0.915421	0.913498
105.57	0.915326	0.913478
105.66	0.915319	0.913474
105.75	0.915313	0.913382
105.84	0.915306	0.913378
105.93	0.915211	0.913374
106.02	0.915188	0.91337
106.11	0.915181	0.913261
106.2	0.915174	0.913257
106.29	0.915079	0.913253
106.38	0.915073	0.91325
106.47	0.915066	0.913157
106.56	0.915059	0.913137
106.65	0.915036	0.913133
106.74	0.914941	0.913129
106.83	0.914935	0.913037
106.92	0.914928	0.913033
107.01	0.914921	0.913029
107.1	0.914826	0.913009
107.19	0.914803	0.912916
107.28	0.914796	0.912913
107.37	0.91479	0.912909
107.46	0.914695	0.912905
107.55	0.914688	0.912813
107.64	0.914681	0.912792
107.73	0.914675	0.912788
107.82	0.914563	0.912785
107.91	0.914557	0.912692
 108	0.91455	0.912688
108.09	0.914543	0.912685
108.18	0.914448	0.912664
108.27	0.914441	0.912572
108.36	0.914418	0.912568
108.45	0.914412	0.912564
108.54	0.914317	0.91256
108.63	0.91431	0.912468
108.72	0.914303	0.912448
108.81	0.914297	0.912444
108.9	0.914185	0.91244
108.99	0.914179	0.912348
109.08	0.914172	0.912344
109.17	0.914165	0.912323
109.26	0.914159	0.91232
109.35	0.914064	0.912227
109.44	0.914057	0.912223
109.53	0.914034	0.91222
109.62	0.914027	0.912216
109.71	0.913932	0.912195
109.8	0.913925	0.912103
109.89	0.913919	0.912099
109.98	0.913912	0.912095
110.07	0.913801	0.912091
110.16	0.913794	0.911999
110.25	0.913787	0.911979
110.34	0.913781	0.911975
110.43	0.913774	0.911971
110.52	0.913679	0.911879
110.61	0.913672	0.911875
110.7	0.913649	0.911871
110.79	0.913643	0.911851
110.88	0.913548	0.911758
110.97	0.913541	0.911755
111.06	0.913534	0.911751
111.15	0.913528	0.911747
111.24	0.913505	0.911655
111.33	0.91341	0.911634
111.42	0.913403	0.91163
111.51	0.913396	0.911627
111.6	0.91339	0.911623
111.69	0.913295	0.91153
111.78	0.913288	0.91151
111.87	0.913265	0.911506
111.96	0.913258	0.911502
112.05	0.913163	0.91141
112.14	0.913157	0.911406
112.23	0.91315	0.911402
112.32	0.913144	0.911294
112.41	0.913121	0.91129
112.5	0.913025	0.911286
112.59	0.913019	0.911282
112.68	0.913012	0.91119
112.77	0.912973	0.911188
112.86	0.912915	0.911172
112.95	0.912752	0.911172
113.04	0.912694	0.911084
113.13	0.912636	0.911084
113.22	0.912578	0.911084
113.31	0.912431	0.911084
113.4	0.912373	0.910979
113.49	0.912315	0.910979
113.58	0.912241	0.910979
113.67	0.912182	0.910979
113.76	0.912036	0.91089
113.85	0.911978	0.91089
113.94	0.91192	0.910874
114.03	0.911862	0.910874
114.12	0.911699	0.910786
114.21	0.911641	0.910786
114.3	0.911583	0.910786
114.39	0.911525	0.910786
114.48	0.911467	0.910681
114.57	0.911321	0.910681
114.66	0.911263	0.910681
114.75	0.911188	0.910681
114.84	0.91113	0.910592
114.93	0.911072	0.910576
115.02	0.910926	0.910576
115.11	0.910868	0.910576
115.2	0.91081	0.910488
115.29	0.910736	0.910488
115.38	0.910678	0.910488
115.47	0.910532	0.910471
115.56	0.910474	0.910383
115.65	0.910416	0.910383
115.74	0.910358	0.910383
115.83	0.910196	0.910383
115.92	0.910138	0.910294
116.01	0.91008	0.910278
116.1	0.910022	0.910278
116.19	0.909965	0.910278
116.28	0.909818	0.91019
116.37	0.909761	0.91019
116.46	0.909686	0.91019
116.55	0.909629	0.910173
116.64	0.909571	0.910085
116.73	0.909425	0.910085
116.82	0.909367	0.910085
116.91	0.909309	0.910085
 117	0.909235	0.909996
117.09	0.909178	0.90998
117.18	0.909032	0.90998
117.27	0.908974	0.90998
117.36	0.908916	0.909892
117.45	0.908858	0.909892
117.54	0.908801	0.909875
117.63	0.908639	0.909875
117.72	0.908581	0.909875
117.81	0.908523	0.909787
117.9	0.908466	0.909787
117.99	0.908408	0.909787
118.08	0.908262	0.90977
118.17	0.908188	0.909682
118.26	0.908131	0.909682
118.35	0.908073	0.909682
118.44	0.908015	0.909682
118.53	0.90787	0.909594
118.62	0.907812	0.909577
118.71	0.907754	0.909577
118.8	0.907681	0.909577
118.89	0.907623	0.909489
118.98	0.907477	0.909489
119.07	0.90742	0.909489
119.16	0.907362	0.909472
119.25	0.907305	0.909473
119.34	0.907231	0.909384
119.43	0.907085	0.909384
119.52	0.907028	0.909384
119.61	0.90697	0.909384
119.7	0.906913	0.909279
119.79	0.906855	0.909279
119.88	0.906782	0.909279
119.97	0.906636	0.909279
120.06	0.906579	0.909191
120.15	0.906521	0.909174
120.24	0.906464	0.909175
120.33	0.906406	0.909175
120.42	0.906261	0.909175
120.51	0.906187	0.909086
120.6	0.90613	0.909086
120.69	0.906072	0.90907
120.78	0.906015	0.90907
120.87	0.90587	0.908981
120.96	0.905812	0.908981
121.05	0.905739	0.908981
121.14	0.905681	0.908981
121.23	0.905624	0.908876
121.32	0.905479	0.908877
121.41	0.905421	0.908877
121.5	0.905364	0.908877
121.59	0.905307	0.908877
121.68	0.905233	0.908788
121.77	0.905176	0.908772
121.86	0.905031	0.908772
121.95	0.904973	0.908772
122.04	0.904916	0.908683
122.13	0.904859	0.908683
122.22	0.904785	0.908683
122.31	0.90464	0.908667
122.4	0.904583	0.908667
122.49	0.904526	0.908579
122.58	0.904468	0.908579
122.67	0.904411	0.908579
122.76	0.90425	0.908579
122.85	0.904193	0.908474
122.94	0.904136	0.908474
123.03	0.904078	0.908474
123.12	0.904021	0.908474
123.21	0.903964	0.908474
123.3	0.903819	0.908369
123.39	0.903746	0.908369
123.48	0.903689	0.908369
123.57	0.903631	0.908369
123.66	0.903574	0.908369
123.75	0.903429	0.908281
123.84	0.903372	0.908264
123.93	0.903299	0.908264
124.02	0.903253	0.908232
124.11	0.903225	0.908062
124.2	0.903196	0.90798
124.29	0.90308	0.907897
124.38	0.903052	0.907799
124.47	0.903024	0.907717
124.56	0.902979	0.907546
124.65	0.902951	0.907465
124.74	0.902922	0.907382
124.83	0.902806	0.9073
124.92	0.902778	0.907202
125.01	0.90275	0.907032
125.1	0.902705	0.90695
125.19	0.902677	0.906868
125.28	0.902561	0.906786
125.37	0.902533	0.906616
125.46	0.902504	0.906518
125.55	0.902476	0.906436
125.64	0.902432	0.906354
125.73	0.902403	0.906272
125.82	0.902287	0.906102
125.91	0.902259	0.906004
 126	0.902231	0.905922
126.09	0.902202	0.905841
126.18	0.902174	0.905759
126.27	0.90213	0.905589
126.36	0.902014	0.905507
126.45	0.901985	0.905409
126.54	0.901957	0.905327
126.63	0.901929	0.905246
126.72	0.901901	0.905076
126.81	0.901769	0.904994
126.9	0.90174	0.904913
126.99	0.901712	0.904815
127.08	0.901684	0.904645
127.17	0.901655	0.904564
127.26	0.901627	0.904482
127.35	0.901511	0.904401
127.44	0.901467	0.904319
127.53	0.901439	0.904133
127.62	0.90141	0.904052
127.71	0.901382	0.90397
127.8	0.901354	0.903889
127.89	0.901238	0.903808
127.98	0.901193	0.903638
128.07	0.901165	0.90354
128.16	0.901137	0.903459
128.25	0.901109	0.903378
128.34	0.901081	0.903296
128.43	0.900965	0.903127
128.52	0.900937	0.903029
128.61	0.900892	0.902948
128.7	0.900864	0.902867
128.79	0.900836	0.902786
128.88	0.900807	0.902616
128.97	0.900692	0.902535
129.06	0.900664	0.902438
129.15	0.900619	0.902356
129.24	0.900591	0.902275
129.33	0.900563	0.902106
129.42	0.900535	0.902025
129.51	0.900419	0.901944
129.6	0.900391	0.901847
129.69	0.900346	0.901765
129.78	0.900318	0.901596
129.87	0.90029	0.901515
129.96	0.900262	0.901434
130.05	0.900146	0.901353
130.14	0.900118	0.901256
130.23	0.90009	0.901087
130.32	0.900045	0.901006
130.41	0.900017	0.900925
130.5	0.899989	0.900844
130.59	0.899873	0.900763
130.68	0.899845	0.900578
130.77	0.899817	0.900497
130.86	0.899772	0.900417
130.95	0.899744	0.900336
131.04	0.899716	0.900255
131.13	0.8996	0.900086
131.22	0.899572	0.899989
131.31	0.899544	0.899908
131.4	0.899516	0.899828
131.49	0.899472	0.899747
131.58	0.899444	0.899578
131.67	0.899328	0.899481
131.76	0.8993	0.899401
131.85	0.899272	0.89932
131.94	0.899243	0.899239
132.03	0.899199	0.899159
132.12	0.899083	0.89899
132.21	0.899055	0.898893
132.3	0.899027	0.898813
132.39	0.898999	0.898732
132.48	0.898971	0.898652
132.57	0.898839	0.898484
132.66	0.898811	0.898403
132.75	0.898783	0.898306
132.84	0.898755	0.898226
132.93	0.898727	0.898145
133.02	0.898611	0.897977
133.11	0.898583	0.897897
133.2	0.898539	0.897816
133.29	0.898511	0.89772
133.38	0.898483	0.897639
133.47	0.898455	0.897471
133.56	0.898339	0.897391
133.65	0.898311	0.89731
133.74	0.898267	0.89723
133.83	0.898238	0.897133
133.92	0.89821	0.897053
134.01	0.898095	0.896885
134.1	0.898067	0.896805
134.19	0.898039	0.896725
134.28	0.898011	0.896628
134.37	0.897967	0.896548
134.46	0.897938	0.89638
134.55	0.897823	0.8963
134.64	0.897795	0.89622
134.73	0.897767	0.89614
134.82	0.897739	0.896043
134.91	0.897695	0.895963
 135	0.897579	0.895796
135.09	0.897551	0.895715
135.18	0.897523	0.895635
135.27	0.897495	0.895555
135.36	0.897467	0.895459
135.45	0.897351	0.895292
135.54	0.897307	0.895212
135.63	0.897279	0.895132
135.72	0.897251	0.895052
135.81	0.897223	0.894972
135.9	0.897195	0.894875
135.99	0.89708	0.894708
136.08	0.897035	0.894628
136.17	0.897007	0.894548
136.26	0.896979	0.894468
136.35	0.896951	0.894388
136.44	0.896923	0.894205
136.53	0.896808	0.894125
136.62	0.896764	0.894045
136.71	0.896736	0.893966
136.8	0.896708	0.893886
136.89	0.89668	0.89379
136.98	0.896564	0.893623
137.07	0.896536	0.893543
137.16	0.896508	0.893463
137.25	0.896464	0.893384
137.34	0.896436	0.893304
137.43	0.896408	0.893121
137.52	0.896293	0.893041
137.61	0.896265	0.892961
137.7	0.896237	0.892882
137.79	0.896201	0.892828
137.88	0.896196	0.892742
137.97	0.896105	0.892727
138.06	0.896101	0.892728
138.15	0.896096	0.892729
138.24	0.896092	0.892643
138.33	0.896088	0.892644
138.42	0.896068	0.892645
138.51	0.895976	0.89263
138.6	0.895972	0.892544
138.69	0.895968	0.892545
138.78	0.895964	0.892546
138.87	0.895959	0.892548
138.96	0.895939	0.892549
139.05	0.895848	0.892446
139.14	0.895843	0.892448
139.23	0.895839	0.892449
139.32	0.895835	0.89245
139.41	0.895831	0.892364
139.5	0.89581	0.892365
139.59	0.895719	0.89235
139.68	0.895715	0.892351
139.77	0.895711	0.892352
139.86	0.895706	0.892266
139.95	0.895615	0.892267
140.04	0.895611	0.892252
140.13	0.89559	0.892253
140.22	0.895586	0.892167
140.31	0.895582	0.892168
140.4	0.89549	0.892169
140.49	0.895486	0.89217
140.58	0.895482	0.892155
140.67	0.895462	0.892069
140.76	0.895458	0.89207
140.85	0.895366	0.892071
140.94	0.895362	0.892073
141.03	0.895357	0.891986
141.12	0.895353	0.891971
141.21	0.895349	0.891973
141.3	0.895241	0.891974
141.39	0.895237	0.891975
141.48	0.895233	0.891889
141.57	0.895229	0.89189
141.66	0.895225	0.891875
141.75	0.895133	0.891876
141.84	0.895113	0.89179
141.93	0.895109	0.891791
142.02	0.895104	0.891792
142.11	0.8951	0.891793
142.2	0.895009	0.891778
142.29	0.895005	0.891692
142.38	0.894984	0.891693
142.47	0.89498	0.891694
142.56	0.894976	0.891695
142.65	0.894884	0.89168
142.74	0.89488	0.891594
142.83	0.894876	0.891595
142.92	0.894872	0.891596
143.01	0.894852	0.891598
143.1	0.89476	0.891511
143.19	0.894756	0.891496
143.28	0.894752	0.891497
143.37	0.894747	0.891499
143.46	0.894743	0.8915
143.55	0.894636	0.891414
143.64	0.894631	0.891415
143.73	0.894627	0.8914
143.82	0.894623	0.891401
143.91	0.894619	0.891402
 144	0.894527	0.891316
144.09	0.894523	0.891317
144.18	0.894503	0.891318
144.27	0.894499	0.891303
144.36	0.894495	0.891304
144.45	0.894403	0.891218
144.54	0.894399	0.891219
144.63	0.894395	0.89122
144.72	0.894374	0.891221
144.81	0.89437	0.891119
144.9	0.894279	0.89112
144.99	0.894274	0.891121
145.08	0.89427	0.891123
145.17	0.894266	0.891124
145.26	0.894262	0.891021
145.35	0.894154	0.891022
145.44	0.89415	0.891024
145.53	0.894146	0.891025
145.62	0.894142	0.891026
145.71	0.894138	0.89094
145.8	0.894046	0.890925
145.89	0.894026	0.890926
145.98	0.894022	0.890927
146.07	0.894017	0.890928
146.16	0.894013	0.890842
146.25	0.893922	0.890843
146.34	0.893918	0.890828
146.43	0.893897	0.890829
146.52	0.893893	0.89083
146.61	0.893889	0.890744
146.7	0.893797	0.890745
146.79	0.893793	0.890746
146.88	0.893789	0.890731
146.97	0.893785	0.890732
147.06	0.893764	0.890646
147.15	0.89376	0.890647
147.24	0.893669	0.890649
147.33	0.893665	0.89065
147.42	0.89366	0.890635
147.51	0.893656	0.890548
147.6	0.893636	0.89055
147.69	0.893544	0.890551
147.78	0.89354	0.890552
147.87	0.893536	0.890553
147.96	0.893532	0.890451
148.05	0.893528	0.890452
148.14	0.893436	0.890453
148.23	0.893416	0.890454
148.32	0.893412	0.890455
148.41	0.893408	0.890353
148.5	0.893403	0.890354
148.59	0.893312	0.890355
148.68	0.893308	0.890356
148.77	0.893287	0.890357
148.86	0.893283	0.890271
148.95	0.893279	0.890256
149.04	0.893275	0.890257
149.13	0.893183	0.890258
149.22	0.893179	0.89026
149.31	0.893159	0.890173
149.4	0.893155	0.890175
149.49	0.893151	0.890159
149.58	0.893059	0.890161
149.67	0.893055	0.890162
149.76	0.893051	0.890076
149.85	0.893047	0.890077
149.94	0.893026	0.890078
150.03	0.892935	0.890063
150.12	0.892931	0.890064
150.21	0.892927	0.889978
150.3	0.892922	0.889979
150.39	0.892918	0.88998
150.48	0.892898	0.889981
150.57	0.892806	0.889966
150.66	0.892802	0.88988
150.75	0.892798	0.889881
150.84	0.892794	0.889882
150.93	0.89279	0.889883
151.02	0.892698	0.889868
151.11	0.892678	0.889782
151.2	0.892674	0.889783
151.29	0.89267	0.889784
151.38	0.892665	0.889786
151.47	0.892661	0.889787
151.56	0.89257	0.889684
151.65	0.892549	0.889686
151.74	0.892545	0.889687
151.83	0.892541	0.889688
151.92	0.892537	0.889689
152.01	0.892445	0.88969
152.1	0.892441	0.889588
152.19	0.892437	0.889589
152.28	0.892417	0.88959
152.37	0.892413	0.889591
152.46	0.892408	0.889592
152.55	0.892317	0.889506
152.64	0.892313	0.889491
152.73	0.892309	0.889492
152.82	0.892288	0.889493
152.91	0.892284	0.889494
 153	0.892193	0.889408
153.09	0.892189	0.889409
153.18	0.892184	0.889394
153.27	0.89218	0.889395
153.36	0.89216	0.889397
153.45	0.892156	0.889398
153.54	0.892064	0.889312
153.63	0.89206	0.889296
153.72	0.892056	0.889298
153.81	0.892052	0.889299
153.9	0.892048	0.8893
153.99	0.892027	0.889214
154.08	0.891936	0.889215
154.17	0.891932	0.8892
154.26	0.891927	0.889201
154.35	0.891923	0.889202
154.44	0.891919	0.889116
154.53	0.891812	0.889117
154.62	0.891807	0.889118
154.71	0.891803	0.889103
154.8	0.891799	0.889104
154.89	0.891795	0.889105
154.98	0.891791	0.889019
155.07	0.891699	0.889021
155.16	0.891679	0.889022
155.25	0.891675	0.889007
155.34	0.891671	0.889008
155.43	0.891667	0.888922
155.52	0.891662	0.888924
155.61	0.891571	0.888925
155.7	0.891551	0.888926
155.79	0.891546	0.888912
155.88	0.891542	0.888913
155.97	0.891538	0.888827
156.06	0.891447	0.888828
156.15	0.891442	0.88883
156.24	0.891422	0.888831
156.33	0.891418	0.888816
156.42	0.891414	0.88873
156.51	0.89141	0.888731
156.6	0.891318	0.888733
156.69	0.891314	0.888734
156.78	0.89131	0.888719
156.87	0.89129	0.888721
156.96	0.891285	0.888635
157.05	0.891281	0.888636
157.14	0.89119	0.888637
157.23	0.891186	0.888639
157.32	0.891182	0.888624
157.41	0.891161	0.888538
157.5	0.891157	0.888539
157.59	0.891153	0.88854
157.68	0.891061	0.888542
157.77	0.891057	0.888543
157.86	0.891053	0.888528
157.95	0.891049	0.888442
158.04	0.891029	0.888444
158.13	0.891025	0.888445
158.22	0.890933	0.888446
158.31	0.890929	0.888448
158.4	0.890925	0.888433
158.49	0.890921	0.888347
158.58	0.8909	0.888348
158.67	0.890896	0.888349
158.76	0.890805	0.888351
158.85	0.890801	0.888352
158.94	0.890796	0.88825
159.03	0.890792	0.888251
159.12	0.890772	0.888252
159.21	0.890768	0.888254
159.3	0.890676	0.888255
159.39	0.890672	0.88824
159.48	0.890668	0.888154
159.57	0.890664	0.888156
159.66	0.89066	0.888157
159.75	0.890639	0.888158
159.84	0.890548	0.88816
159.93	0.890544	0.888145
160.02	0.89054	0.888059
160.11	0.890536	0.88806
160.2	0.890531	0.888062
160.29	0.890511	0.888063
160.38	0.89042	0.888064
160.47	0.890416	0.887962
160.56	0.890411	0.887963
160.65	0.890407	0.887965
160.74	0.890403	0.887966
160.83	0.890399	0.88788
160.92	0.890291	0.887881
161.01	0.890287	0.887866
161.1	0.890283	0.887868
161.19	0.890279	0.887782
161.28	0.890275	0.887783
161.37	0.890271	0.887785
161.46	0.890163	0.887786
161.55	0.890159	0.887684
161.64	0.890155	0.887685
161.73	0.890151	0.887686
161.82	0.890146	0.887688
161.91	0.890142	0.887689
 162	0.890051	0.887587
162.09	0.890031	0.887588
162.18	0.890026	0.887589
162.27	0.890022	0.887591
162.36	0.890018	0.887505
162.45	0.890014	0.887506
162.54	0.889923	0.887491
162.63	0.889902	0.887493
162.72	0.889898	0.887407
162.81	0.889894	0.887408
162.9	0.88989	0.887409
162.99	0.889886	0.887411
163.08	0.889794	0.887396
163.17	0.889774	0.88731
163.26	0.88977	0.887311
163.35	0.889766	0.887312
163.44	0.889761	0.887314
163.53	0.889757	0.887228
163.62	0.889666	0.887213
163.71	0.889662	0.887214
163.8	0.889642	0.887216
163.89	0.889637	0.88713
163.98	0.889633	0.887131
164.07	0.889629	0.887132
164.16	0.889625	0.887117
164.25	0.889534	0.887119
164.34	0.889513	0.887033
164.43	0.889509	0.887034
164.52	0.889505	0.887035
164.61	0.889501	0.887037
164.7	0.889497	0.886934
164.79	0.889405	0.886936
164.88	0.889401	0.886937
164.97	0.889381	0.886939
165.06	0.889377	0.886852
165.15	0.889372	0.886838
165.24	0.889368	0.886839
165.33	0.889277	0.88684
165.42	0.889273	0.886842
165.51	0.889252	0.886756
165.6	0.889248	0.886757
165.69	0.889244	0.886742
165.78	0.88924	0.886743
165.87	0.889236	0.886657
165.96	0.889144	0.886659
166.05	0.889124	0.88666
166.14	0.88912	0.886661
166.23	0.889116	0.886647
166.32	0.889112	0.886561
166.41	0.889108	0.886562
166.5	0.889016	0.886563
166.59	0.889012	0.886565
166.68	0.888992	0.886478
166.77	0.888988	0.886464
166.86	0.888984	0.886465
166.95	0.888979	0.886466
167.04	0.888975	0.88638
167.13	0.888884	0.886382
167.22	0.888864	0.886383
167.31	0.888859	0.886368
167.4	0.888855	0.886369
167.49	0.888851	0.886283
167.58	0.888847	0.886285
167.67	0.888756	0.886286
167.76	0.888751	0.886271
167.85	0.888731	0.886185
167.94	0.888727	0.886187
168.03	0.888723	0.886188
168.12	0.888719	0.886189
168.21	0.888715	0.886191
168.3	0.888623	0.886088
168.39	0.888603	0.88609
168.48	0.888599	0.886091
168.57	0.888595	0.886092
168.66	0.88859	0.886006
168.75	0.888586	0.886008
168.84	0.888495	0.885993
168.93	0.888491	0.885994
169.02	0.888471	0.885908
169.11	0.888466	0.885909
169.2	0.888462	0.885911
169.29	0.888458	0.885912
169.38	0.888454	0.885897
169.47	0.888363	0.885811
169.56	0.888342	0.885813
169.65	0.888338	0.885814
169.74	0.888334	0.885815
169.83	0.88833	0.885729
169.92	0.888326	0.885714
170.01	0.888234	0.885716
170.1	0.888214	0.885717
170.19	0.88821	0.885718
170.28	0.888206	0.885632
170.37	0.888202	0.885617
170.46	0.888198	0.885619
170.55	0.888193	0.88562
170.64	0.888102	0.885534
170.73	0.888082	0.885535
170.82	0.888078	0.885537
170.91	0.888073	0.885522
 171	0.888069	0.885523
171.09	0.888065	0.885437
171.18	0.888061	0.885439
171.27	0.887954	0.88544
171.36	0.887949	0.885441
171.45	0.887945	0.885339
171.54	0.887941	0.88534
171.63	0.887937	0.885342
171.72	0.887933	0.885343
171.81	0.887929	0.885344
171.9	0.887821	0.885258
171.99	0.887817	0.885243
172.08	0.887813	0.885245
172.17	0.887809	0.885246
172.26	0.887805	0.88516
172.35	0.8878	0.885161
172.44	0.887693	0.885163
172.53	0.887689	0.885148
172.62	0.887685	0.885149
172.71	0.887681	0.885063
172.8	0.887676	0.885065
172.89	0.887672	0.885066
172.98	0.887652	0.885067
173.07	0.887561	0.884965
173.16	0.887557	0.884966
173.25	0.887552	0.884968
173.34	0.887548	0.884969
173.43	0.887544	0.88497
173.52	0.88754	0.884868
173.61	0.88752	0.884869
173.7	0.887428	0.884871
173.79	0.887424	0.884872
173.88	0.88742	0.884786
173.97	0.887416	0.884787
174.06	0.887412	0.884772
174.15	0.887392	0.884774
174.24	0.887387	0.884775
174.33	0.887296	0.884689
174.42	0.887292	0.884691
174.51	0.887288	0.884692
174.6	0.887284	0.884677
174.69	0.88728	0.884591
174.78	0.887259	0.884592
174.87	0.887255	0.884594
174.96	0.887164	0.884595
175.05	0.88716	0.884596
175.14	0.887156	0.884494
175.23	0.887151	0.884495
175.32	0.887131	0.884497
175.41	0.887127	0.884498
175.5	0.887123	0.884412
175.59	0.887031	0.884413
175.68	0.887027	0.884399
175.77	0.887023	0.8844
175.86	0.887003	0.884401
175.95	0.886999	0.884315
176.04	0.886995	0.884316
176.13	0.886991	0.884302
176.22	0.886899	0.884216
176.31	0.886895	0.884217
176.4	0.886891	0.884218
176.49	0.886871	0.884132
176.58	0.886867	0.884134
176.67	0.886862	0.884119
176.76	0.886858	0.884033
176.85	0.886767	0.884034
176.94	0.886763	0.884035
177.03	0.886743	0.883949
177.12	0.886738	0.883951
177.21	0.886734	0.883848
177.3	0.88673	0.88385
177.39	0.886726	0.883851
177.48	0.886722	0.883765
177.57	0.886631	0.883766
177.66	0.88661	0.883768
177.75	0.886606	0.883666
177.84	0.886602	0.883667
177.93	0.886598	0.883668
178.02	0.886594	0.883582
178.11	0.88659	0.883583
178.2	0.886482	0.883585
178.29	0.886478	0.883482
178.38	0.886474	0.883484
178.47	0.88647	0.883485
178.56	0.886466	0.883399
178.65	0.886462	0.8834
178.74	0.886457	0.883386
178.83	0.88635	0.8833
178.92	0.886346	0.883301
179.01	0.886342	0.883302
179.1	0.886338	0.883216
179.19	0.886333	0.883218
179.28	0.886329	0.883115
179.37	0.886309	0.883117
179.46	0.886218	0.883118
179.55	0.886214	0.883032
179.64	0.886209	0.883033
179.73	0.886205	0.883035
179.82	0.886201	0.882932
179.91	0.886181	0.882934
 180	0.886177	0.882935
180.09	0.886173	0.882849
180.18	0.886081	0.88285
180.27	0.886077	0.882852
180.36	0.886073	0.882749
180.45	0.886069	0.882751
180.54	0.886049	0.882752
180.63	0.886045	0.882666
180.72	0.88604	0.882667
180.81	0.885949	0.882669
180.9	0.885945	0.882566
180.99	0.885941	0.882568
181.08	0.885921	0.882569
181.17	0.885916	0.882483
181.26	0.885912	0.882484
181.35	0.885908	0.882486
181.44	0.885817	0.882383
181.53	0.885813	0.882385
181.62	0.885809	0.882299
181.71	0.885788	0.8823
181.8	0.885784	0.882301
181.89	0.88578	0.882199
181.98	0.885776	0.882201
182.07	0.885772	0.882202
182.16	0.885681	0.882116
182.25	0.88566	0.882117
182.34	0.885656	0.882118
182.43	0.885652	0.882016
182.52	0.885648	0.882018
182.61	0.885644	0.882019
182.7	0.88564	0.881933
182.79	0.88562	0.881934
182.88	0.885528	0.881935
182.97	0.885524	0.881833
183.06	0.88552	0.881835
183.15	0.885516	0.881836
183.24	0.885512	0.88175
183.33	0.885508	0.881751
183.42	0.885487	0.881753
183.51	0.885396	0.88165
183.6	0.885392	0.881652
183.69	0.885388	0.881653
183.78	0.885384	0.881567
183.87	0.88538	0.881568
183.96	0.885359	0.88157
184.05	0.885355	0.881467
184.14	0.885351	0.881469
184.23	0.88526	0.881383
